00000
11111
22222
33333
00011001
20303102223033230003
32320331313020021102
32032313130301120133
32131023123202212103
33223211123120201002
23030222320021130213
23012311320221211302
12131302132302220032
03032303232023230
2123312200103233
20210120113013311
3000213312212212
2322331203101112
033302213313203
21100211311202133
31220303012301111
103003111300031201
3133032133111130
10131221032100112
31003000032323103
1323320000012103032
02302302002312120
1313000031020203020
130302313332200
00123001320100333
123323202201311
100133311122103
02301201233203022
013030033302122220
2003132001130111
2002023032001202
3230312220323102
3133323030101310
312100131221132
2331011331133112
121322133231122
213330303030122
112331022102222
00230003302111210
213223003333120033
02203302201300012
113223303213121112
20303300002101131
23302033220332032
3111120011233120210
211023122032110102
0003223103322003020
121313011010110
13120110310332002
301300210233103111
303233111312020
003030323003320
23201333200000323
1321100132112202120
313113233033120
00232102313223323
331332122210112311
203020131333201100
0101030212212221
21203001203002021
2321011110313111
31031012120321203
2101110302331322101
033030120212021131
232033210322001
31231200330123131
02302302021121003
3232121113113013
21221323131333300
2030101200003021
23131323330223211
03122223002000302
33232003212300223
22313211012032321
0003311112122122101
2321123230222113
10330221231023213
10302333103321201
0030313022302103322
2203311112220111
30221031001013113
133333332130301233
2213033021032130
013320032111101022
3002210221230120
1102030121312322223
123030031021200330
2020211303022212011
320211312312320
1030322332332133123
33332120323300212
2121023010032221
220011103022310
000200232131230
0112300100213112202
300321133003101233
0011100211112020132
321302032230020123
1333331330123021222
202231320313003
33030300103202110
000120330202021030
2111021210202023
001303230122230
3133121122331201321
3122331132033011000
33333023010010022
330313001013303031
301020122013231011
0232231333021103
2331020020111310031
212003011022020
310133011130103101
11303111010023012
1001033023101030
001123232320312212
100132001130211
00131101233123332
300211032310113
200222020213331
3011011021030123
1230300003313030
0013331220132031113
210222333210011133
30021300200122213
31200201120232230
3030123311033030020
3111213012110102310
313321123302030322
010211303311302203
0232003313132232
201232232032000
331221302003032231
00012121022212231
0102332120233223
22003033032013303
0002030131203133132
033202000321031
2231333310110312220
3103003103211301230
121223212300113312
1001203220301303021
0313331101122333
2102012123233131000
301003230222121
213223220100031003
3011100101210221
3223220303312332
3010000202320311
232321203030102
2232332203022333103
302133203000321313
02123020031201030
3121303111331021
3203002111020223
233321112202323223
102010231211121222
331201120330030021
110333211320213130
120202030130300332
2321101223120000211
0130022202010200
130211001000313
110323022323032
331111323011333
3201312010332210212
11223232132212220
322231323100010031
202020220102113003
121312130103102
3001313232313023
3210311312312201
0323303320313230011
2033130232000211
311313212201223311
10300330223012012
212223223223322
3113313011133211011
22010020001100033
1030110112322013
1020012033113321
3300030031313021032
00321031300022032
31310312101020131
30320232133300201
30303113323013133
3101030301033102
13313201201112103
0112313111120032021
312232213010332
012203213221323
123220322321322310
0200232102111111100
2310313133212203
103310121223010320
33210301201013211
32133122223131310
3022033312113010
330212100312223131
1001001113210013
121303001120222321
1101220212212001
0000023312303300
2023012212101120
0302232123031131
0331030313113320020
1000220310001013